update_times: 1
last_update: 2022-11-23 18:13:54.449880982 +0300 MSK m=+0.000535763
