update_times: 7
last_update: 2022-11-26 16:04:32.760784831 +0300 MSK m=+0.000636316
