update_times: 4
last_update: 2022-11-24 00:41:58.883249681 +0300 MSK m=+0.000557862
