update_times: 8
last_update: 2022-11-26 16:09:11.291076106 +0300 MSK m=+0.000475444
