update_times: 3
last_update: 2022-11-24 00:38:50.27606043 +0300 MSK m=+0.000534961
