update_times: 15
last_update: 2022-12-05 18:19:12.80072026 +0300 MSK m=+0.000686940
