update_times: 14
last_update: 2022-12-04 15:48:09.017695172 +0300 MSK m=+0.000757588
