update_times: 11
last_update: 2022-11-29 16:13:39.691234638 +0300 MSK m=+0.000669077
