update_times: 5
last_update: 2022-11-24 00:57:24.07683945 +0300 MSK m=+0.000529481
