update_times: 13
last_update: 2022-12-01 12:53:22.561635704 +0300 MSK m=+0.000845229
