update_times: 0
last_update: 2022-11-23 18:00:43.569582992 +0300 MSK m=+0.000527258
