update_times: 9
last_update: 2022-11-26 16:09:29.8415915 +0300 MSK m=+0.000490184
