update_times: 16
last_update: 2022-12-09 17:06:15.60695589 +0300 MSK m=+0.000562169
