update_times: 6
last_update: 2022-11-25 15:03:44.903862726 +0300 MSK m=+0.000695529
