update_times: 12
last_update: 2022-11-30 21:05:44.128522495 +0300 MSK m=+0.000811634
