update_times: 10
last_update: 2022-11-28 18:16:58.386711128 +0300 MSK m=+0.000699477
