update_times: 17
last_update: 2022-12-13 19:25:11.223459824 +0300 MSK m=+0.000560720
