update_times: 2
last_update: 2022-11-23 18:41:16.794786178 +0300 MSK m=+0.000590200
